%Diman Zad Tootaghaj
Max_R_backward=[0.0, -10.060451700054914, -10.060451700001225, -10.06045170011872, -10.560451700001222, -10.56045170005383, -11.06045170005383, -11.560451700118405, -11.762161700118405, -12.089981700118368, -12.589981700118482, -12.58998170011597, -12.5899817001172, -13.089981700119086, -13.589981700000031, -13.820371700106179, -14.320371700000035, -14.395744699999337, -14.395744699999337, -14.620654699999335, -14.901741700000702, -15.40174170000012, -15.901741700000702, -15.746440344930921, -16.24644034492954, -16.535440344933384, -16.535440344933143, -17.035440344933896, -17.035440344930283, -17.035440344934738, -17.035440344934415, -17.25488034492772, -17.25488034492975, -17.212741090431543, -17.429791090432555, -17.470591090432556, -17.670591090432556, -17.670591090434893, -17.67059109042903, -18.08256109043138, -18.082561090430378, -18.35026009043383, -18.75839969043258, -18.75839969043381, -18.995148944929557, -19.19934894492987, -19.199348944889625, -19.699348944929874, -19.699348944928477, -19.699348944928964, -19.699348944853323, -20.13016894492944, -20.130168944930354, -20.130168944930748, -20.130168944929654, -20.392328944929684, -20.510557737632286, -20.510557737633672, -20.510557737631885, -20.510557737630354, -20.510557737622374, -20.510557737620605, -20.510557737622545, -20.510557737621006, -20.510557737621244, -20.510557737621244, -20.510557737621355, -20.510557737620182, -21.01055773763089, -21.495667737633795, -21.495667737632473, -21.495667737633912, -21.495667737634324, -21.495667737632658, -21.715117737633882, -21.715117737632344, -21.715117737633914, -21.715117737634227, -21.71511773763386, -21.752190299999285, -21.84415029999922, -21.84415029999841, -21.844150299998624, -21.865810299998504, -21.865810299998333, -21.86581029999771, -22.284911640739224, -22.550971640740322, -22.76988464074003, -22.85078330000094, -22.850783300001762, -22.850783300001577, -22.850783300001254, -22.85078330000116, -22.850783300001428, -23.18858280955436, -23.188582809554642, -23.29809953760515, -23.29809953760544, -23.29809953760392, -23.298099537603274, -23.759889537604188, -23.75988953760512, -23.759889537605446, -23.759889537604476, -23.759889537604494, -23.759889537603655, -23.759889537605197, -23.75988953760303, -24.239517356446434, -24.239517356446434, -24.239517356446434, -24.63531735644736, -24.635317356447644, -24.635317356447363, -24.635317356448574, -24.635317356448326, -24.635317356448326, -24.635317356445007, -25.13531735644964, -25.135317356445533, -25.38713784689289, -25.387137846891413, -25.387137846890823, -25.387137846890823, -25.387137846891086, -25.387137846892315, -25.387137846892315, -25.387137846892855, -25.387137846893175, -25.387137846893154, -25.387137846890717, -25.387137846895357, -25.387137846895357, -25.396317846891122, -25.39631784689336, -25.396317846892686, -25.7307591188413, -25.730759118841114, -25.730759118841036, -25.73075911884071, -26.23075911884048, -26.23075911884078, -26.230759118841267, -26.40717129999709, -26.407171299998097, -26.813415135701852, -26.848582656461996, -26.84858265646303, -26.84858265646301, -26.882954638908778, -26.8829546389072, -26.882954638907677, -26.882954638910967, -26.882954638910967, -26.882954638908288, -26.882954638909823, -27.382954638910753, -27.387642884033724, -27.38764288403553, -27.38764288403457, -27.387642884034605, -27.39012467149395, -27.665704671495057, -27.686451999517956, -27.687065437268977, -27.68706543726897, -27.834749903038002, -27.83474990303803, -28.001074060072142, -28.001128263201373, -28.382733353510275, -28.393615289315115, -28.355915411178096, -28.355915411178024, -28.355915411178245, -28.355915411178778, -28.50826399637156, -28.508471344246566, -28.506197773104574, -28.506197773104383, -28.5061977731049, -28.506197773104397, -28.506197773104866, -28.578465271905415, -28.57846527190472, -28.57846527190545, -28.578465271905785];

%[0.0, -13.892549528551738, -14.086529528550303, -14.336807333498756, -14.492128533499608, -14.492128533498407, -14.992128533497251, -15.492128533498612, -15.99212853349861, -15.99212853349861, -15.588098533499734, -15.907208200003584, -15.907208200003584, -16.27806303891019, -15.915291452132749, -15.949691452132747, -15.220940395058769, -15.092750395052636, -15.65079039505304, -15.650790395052692, -16.15079039505269, -16.1507903950531, -15.387399105438957, -15.780579438935474, -15.78057943893551, -15.917881995255241, -17.49029667118683, -15.808149800201955, -17.49120467613752, -16.53409467613619, -16.68673983722313, -17.509849837226543, -16.790939837225103, -16.7909398372236, -16.79093983722327, -17.697582032279495, -17.697582032279822, -18.346687200001124, -18.34668719999902, -18.3466871999991, -18.346687200000897, -19.148468495049862, -19.148468495050935, -19.14846849504911, -17.765056300000406, -17.765056300001476, -19.14889930162026, -18.23666849437457, -18.431052495052278, -18.43105249505163, -18.839742495055084, -18.81480510000639, -18.814805100004264, -18.8148051000064, -18.81480510000639, -18.814805100006392, -18.81480510000566, -18.412726100003606, -18.41272610000353, -18.65414410000184, -20.179218503476363, -20.679218503479397, -20.97355760348004, -20.76534544782397, -21.23452850842527, -20.057761786845, -20.20918178684152, -21.141324300000704, -20.739846385660062, -20.739846385659998, -22.203960074831997, -20.909795206190662, -19.282076610700386, -19.282076610700038, -18.923653299999422, -18.923653300001174, -21.649235210384685, -21.649235210385516, -21.649235210385203, -21.649235210386195, -21.06606497483132, -21.066064974832184, -20.587851974833168, -20.41875059510818, -20.418750595105692, -20.418750595107483, -20.418750595107483, -21.660137516250217, -21.787554974825664, -21.85818193319319, -21.85818193319276, -21.87892422398833, -21.37892422398919, -21.378924223991444, -21.378924223991774, -20.973909591897378, -20.487012917815033, -21.18397352156983, -20.678499274498066, -22.11284401566197, -22.11284401566197, -22.11284401566197, -22.11284401566197, -22.11284401566197, -22.11284401566197, -22.11284401566197, -22.11284401566197, -22.11284401566197, -22.11284401566197, -22.11284401566197, -22.11284401566197, -22.11284401566197, -22.11284401566197, -22.11284401566197, -22.11284401566197, -22.11284401566197, -22.11284401566197, -22.11284401566197, -22.11284401566197, -22.11284401566197, -22.11284401566197, -22.11284401566197, -22.11284401566197, -22.11284401566197, -22.11284401566197, -22.11284401566197, -22.11284401566197, -22.11284401566197, -22.11284401566197, -22.11284401566197, -22.11284401566197, -22.11284401566197, -22.11284401566197, -22.11284401566197, -22.11284401566197, -22.11284401566197, -22.11284401566197, -22.11284401566197, -22.11284401566197, -22.11284401566197, -22.11284401566197, -22.11284401566197, -22.11284401566197, -22.11284401566197, -22.11284401566197, -22.11284401566197, -22.11284401566197, -22.11284401566197, -22.11284401566197, -22.11284401566197, -22.11284401566197, -22.11284401566197, -22.11284401566197, -22.11284401566197, -22.11284401566197, -22.11284401566197, -22.11284401566197, -22.11284401566197, -22.11284401566197, -22.11284401566197, -22.11284401566197, -22.11284401566197, -22.11284401566197, -22.11284401566197, -22.11284401566197, -22.11284401566197, -22.11284401566197, -22.11284401566197, -22.11284401566197, -22.11284401566197, -22.11284401566197, -22.11284401566197, -22.11284401566197, -22.11284401566197, -22.11284401566197, -22.11284401566197, -22.11284401566197, -22.11284401566197];
