% These results are for minimum distance interdependency and power grid
% cascaded failure
%Thr = 1.5
%Uncontrollable nodes:
Dest_G1=[0.24838709677419354, 0.2645161290322581, 0.4, 0.29354838709677417, 0.3161290322580645, 0.3387096774193548, 0.2838709677419355, 0.3, 0.5129032258064516, 0.4935483870967742, 0.4612903225806452, 0.6225806451612903, 0.5612903225806452, 0.5774193548387097, 0.5580645161290323, 0.567741935483871, 0.6548387096774193, 0.5709677419354838, 0.5290322580645161, 0.5032258064516129, 0.5483870967741935, 0.5612903225806452, 0.6612903225806451, 0.7096774193548387, 0.6967741935483871, 0.7645161290322581, 0.7709677419354839, 0.7741935483870968, 0.7806451612903226, 0.8290322580645161, 0.832258064516129, 0.8516129032258064, 0.896774193548387, 0.9225806451612903, 0.9225806451612903, 0.9258064516129032, 0.932258064516129, 0.9483870967741935, 0.9612903225806452, 0.967741935483871, 0.9741935483870968, 0.9903225806451613, 0.9903225806451613, 0.9903225806451613, 0.9935483870967742, 0.9935483870967742, 0.9935483870967742, 0.9935483870967742, 0.9967741935483871, 0.9967741935483871, 0.9967741935483871];

%[0.6838709677419355, 0.6724731182795699, 0.6693548387096775, 0.6680645161290323, 0.6676344086021505, 0.6686021505376344, 0.6670967741935484, 0.6684946236559139, 0.6665591397849462, 0.6803225806451613, 0.6744086021505376, 0.6843010752688171, 0.7, 0.7190322580645161, 0.7258064516129032, 0.7231182795698925, 0.7343010752688172, 0.7655913978494624, 0.774731182795699, 0.7597849462365591, 0.7653763440860215, 0.7758064516129032, 0.7680645161290323, 0.761505376344086, 0.7669892473118279, 0.7690322580645161, 0.7504301075268817, 0.7575268817204301, 0.7529032258064515, 0.7534408602150537, 0.7691397849462366, 0.7794623655913978, 0.7938709677419354, 0.8063440860215054, 0.8098924731182796, 0.8237634408602151, 0.8420430107526882, 0.856021505376344, 0.8620430107526881, 0.8770967741935484, 0.8924731182795699, 0.9037634408602151, 0.92, 0.9344086021505376, 0.947741935483871, 0.9580645161290323, 0.9720430107526882, 0.9796774193548388, 0.9882795698924731, 0.9962365591397849, 1.0];
%[0.6838709677419355, 0.6709677419354839, 0.6806451612903225, 0.6806451612903225, 0.6774193548387097, 0.7129032258064516, 0.6935483870967741, 0.6806451612903225, 0.6806451612903225, 0.6838709677419355, 0.6451612903225806, 0.6580645161290323, 0.6580645161290323, 0.6580645161290323, 0.6709677419354839, 0.667741935483871, 0.835483870967742, 0.9064516129032258, 0.8580645161290322, 0.8612903225806452, 0.8838709677419355, 0.7774193548387097, 0.7612903225806452, 0.7225806451612903, 0.7193548387096774, 0.7709677419354839, 0.7129032258064516, 0.7387096774193548, 0.7483870967741936, 0.7419354838709677, 0.7548387096774193, 0.7290322580645161, 0.7419354838709677, 0.7741935483870968, 0.7903225806451614, 0.8, 0.8129032258064516, 0.8258064516129032, 0.8387096774193548, 0.8387096774193548, 0.8548387096774194, 0.864516129032258, 0.935483870967742, 0.9774193548387097, 0.996774193548387, 0.996774193548387, 0.996774193548387, 0.996774193548387, 1.0, 1.0, 1.0];
%[0.6838709677419355, 0.6709677419354839, 0.6806451612903225, 0.6806451612903225, 0.6774193548387097, 0.7129032258064516, 0.6935483870967741, 0.6806451612903225, 0.6806451612903225, 0.6838709677419355, 0.6451612903225806, 0.6580645161290323, 0.6580645161290323, 0.6580645161290323, 0.6709677419354839, 0.667741935483871, 0.835483870967742, 0.9064516129032258, 0.8580645161290322, 0.8612903225806452, 0.8838709677419355, 0.7774193548387097, 0.7612903225806452, 0.7225806451612903, 0.7193548387096774, 0.7709677419354839, 0.7129032258064516, 0.7387096774193548, 0.7483870967741936, 0.7419354838709677, 0.7548387096774193, 0.7290322580645161, 0.7419354838709677, 0.7741935483870968, 0.7903225806451614, 0.8, 0.8129032258064516, 0.8258064516129032, 0.8387096774193548, 0.8387096774193548, 0.8548387096774194, 0.864516129032258, 0.935483870967742, 0.9774193548387097, 0.996774193548387, 0.996774193548387, 0.996774193548387, 0.996774193548387, 1.0, 1.0, 1.0];
%[0.43548387096774194, 0.04516129032258064, 0.20967741935483872, 0.2870967741935484, 0.45483870967741935, 0.5193548387096775, 0.603225806451613, 0.7483870967741936, 0.8419354838709677, 0.9967741935483871, 1.0];
Dest_G2=[0.10256410256410256, 0.10256410256410256, 0.2564102564102564, 0.1282051282051282, 0.1794871794871795, 0.1794871794871795, 0.15384615384615385, 0.1282051282051282, 0.28205128205128205, 0.3076923076923077, 0.23076923076923078, 0.3333333333333333, 0.28205128205128205, 0.28205128205128205, 0.23076923076923078, 0.3076923076923077, 0.23076923076923078, 0.23076923076923078, 0.2564102564102564, 0.20512820512820512, 0.28205128205128205, 0.3076923076923077, 0.3333333333333333, 0.358974358974359, 0.358974358974359, 0.38461538461538464, 0.38461538461538464, 0.38461538461538464, 0.46153846153846156, 0.5897435897435898, 0.5897435897435898, 0.6153846153846154, 0.6410256410256411, 0.6666666666666666, 0.6666666666666666, 0.6153846153846154, 0.6410256410256411, 0.6666666666666666, 0.6923076923076923, 0.7435897435897436, 0.7948717948717948, 0.8974358974358975, 0.8974358974358975, 0.8974358974358975, 0.9230769230769231, 0.9230769230769231, 0.9230769230769231, 0.9230769230769231, 0.9487179487179487, 0.9487179487179487, 0.9487179487179487];

%[0.5897435897435898, 0.3572649572649572, 0.3264957264957265, 0.33076923076923076, 0.3299145299145299, 0.33076923076923076, 0.34615384615384615, 0.3521367521367521, 0.35811965811965807, 0.38974358974358975, 0.3948717948717949, 0.40940170940170945, 0.4444444444444445, 0.48205128205128206, 0.511965811965812, 0.5273504273504274, 0.5282051282051282, 0.5512820512820513, 0.5803418803418803, 0.5735042735042735, 0.5794871794871794, 0.5931623931623932, 0.5923076923076923, 0.5786324786324786, 0.5735042735042735, 0.5683760683760684, 0.5444444444444444, 0.5495726495726495, 0.5427350427350427, 0.5495726495726495, 0.5717948717948718, 0.5709401709401709, 0.5846153846153846, 0.5897435897435898, 0.5965811965811966, 0.611111111111111, 0.6333333333333333, 0.6478632478632478, 0.652991452991453, 0.6786324786324786, 0.7008547008547008, 0.7196581196581197, 0.7538461538461539, 0.7854700854700856, 0.8162393162393162, 0.8444444444444444, 0.882051282051282, 0.9094017094017094, 0.9461538461538461, 0.9769230769230769, 1.0];
Dest_G1_edges= [0.0, 0.020172910662824207, 0.040345821325648415, 0.06051873198847262, 0.08069164265129683, 0.10086455331412104, 0.12103746397694524, 0.14121037463976946, 0.16138328530259366, 0.18155619596541786, 0.2017291066282421, 0.2219020172910663, 0.2420749279538905, 0.2622478386167147, 0.2824207492795389, 0.3025936599423631, 0.3227665706051873, 0.3400576368876081, 0.36023054755043227, 0.3804034582132565, 0.40057636887608067, 0.4207492795389049, 0.4409221902017291, 0.4610951008645533, 0.4812680115273775, 0.5014409221902018, 0.521613832853026, 0.5417867435158501, 0.5619596541786743, 0.5821325648414986, 0.6023054755043228, 0.622478386167147, 0.6426512968299711, 0.6628242074927954, 0.6801152737752162, 0.7002881844380403, 0.7204610951008645, 0.7406340057636888, 0.760806916426513, 0.7809798270893372, 0.8011527377521613, 0.8213256484149856, 0.8414985590778098, 0.861671469740634, 0.8818443804034583, 0.9020172910662824, 0.9221902017291066, 0.9423631123919308, 0.962536023054755, 0.9827089337175793, 1.0];
